#Total No. of Collocate Types: 827
#Total No. of Collocate Tokens: 2180
1	3	2	1	8.24682	inspection
2	2	1	1	7.66186	underworld
3	4	2	2	7.66186	temper
4	2	1	1	7.66186	speed
5	2	1	1	7.66186	reverting
6	2	1	1	7.66186	navigating
7	2	1	1	7.66186	haul
8	2	1	1	7.66186	dive
9	2	1	1	7.66186	destructive
10	5	4	1	7.39883	fault
11	1	1	0	6.66186	wounds
12	2	2	0	6.66186	worrying
13	1	1	0	6.66186	worldly
14	2	0	2	6.66186	wits
15	1	0	1	6.66186	windmill
16	1	0	1	6.66186	wildest
17	1	1	0	6.66186	whip
18	1	0	1	6.66186	watching
19	1	0	1	6.66186	wanderings
20	1	0	1	6.66186	visit
21	1	0	1	6.66186	vision
22	1	0	1	6.66186	version
23	1	0	1	6.66186	utterance
24	1	1	0	6.66186	until
25	1	1	0	6.66186	unreal
26	1	1	0	6.66186	unobserved
27	1	1	0	6.66186	unity
28	1	0	1	6.66186	uncrumpled
29	1	1	0	6.66186	uncrease
30	1	0	1	6.66186	ugliness
31	1	1	0	6.66186	twist
32	1	1	0	6.66186	tumble
33	1	0	1	6.66186	tug
34	1	1	0	6.66186	triumphant
35	1	1	0	6.66186	toss
36	1	0	1	6.66186	tight
37	1	0	1	6.66186	throws
38	1	1	0	6.66186	thrill
39	1	1	0	6.66186	thoby
40	1	1	0	6.66186	thereupon
41	2	0	2	6.66186	theirs
42	2	2	0	6.66186	test
43	2	1	1	6.66186	terrific
44	1	0	1	6.66186	tendency
45	1	0	1	6.66186	temperatures
46	1	1	0	6.66186	taxi
47	1	0	1	6.66186	system
48	1	0	1	6.66186	suspiria
49	1	0	1	6.66186	susceptibility
50	1	0	1	6.66186	supplant
51	1	0	1	6.66186	sugared
52	1	1	0	6.66186	stringy
53	1	1	0	6.66186	stretch
54	2	2	0	6.66186	sticks
55	1	0	1	6.66186	sterne
56	1	0	1	6.66186	standard
57	1	1	0	6.66186	squalor
58	1	0	1	6.66186	spectacles
59	1	0	1	6.66186	smallish
60	1	0	1	6.66186	simply
61	1	1	0	6.66186	significant
62	1	1	0	6.66186	shoots
63	1	1	0	6.66186	shook
64	1	1	0	6.66186	shaved
65	1	0	1	6.66186	shares
66	2	0	2	6.66186	shaftesbury
67	1	0	1	6.66186	sex
68	1	0	1	6.66186	series
69	1	1	0	6.66186	secretly
70	1	1	0	6.66186	secondrateness
71	2	2	0	6.66186	searches
72	1	0	1	6.66186	scales
73	1	1	0	6.66186	sails
74	1	0	1	6.66186	sac
75	1	0	1	6.66186	rooms
76	1	0	1	6.66186	rises
77	1	1	0	6.66186	ripe
78	1	1	0	6.66186	ridden
79	1	0	1	6.66186	richmonds
80	1	0	1	6.66186	reverence
81	1	0	1	6.66186	retriever
82	1	1	0	6.66186	respectables
83	1	0	1	6.66186	reservations
84	1	0	1	6.66186	represent
85	1	1	0	6.66186	replenishing
86	1	1	0	6.66186	relieved
87	1	1	0	6.66186	relentless
88	1	0	1	6.66186	reader
89	1	1	0	6.66186	razor
90	1	1	0	6.66186	rare
91	1	0	1	6.66186	ran
92	1	1	0	6.66186	rammed
93	1	0	1	6.66186	quickened
94	1	1	0	6.66186	python
95	1	0	1	6.66186	purely
96	1	1	0	6.66186	pupil
97	1	0	1	6.66186	publishing
98	1	1	0	6.66186	pruned
99	1	0	1	6.66186	proportion
100	1	0	1	6.66186	progress
101	1	1	0	6.66186	profusely
102	1	0	1	6.66186	procrastinations
103	1	1	0	6.66186	practise
104	1	1	0	6.66186	poured
105	1	0	1	6.66186	possessions
106	1	0	1	6.66186	pictures
107	1	0	1	6.66186	photographs
108	1	0	1	6.66186	perpetual
109	1	0	1	6.66186	perish
110	1	0	1	6.66186	perch
111	2	1	1	6.66186	paris
112	1	1	0	6.66186	parents
113	1	0	1	6.66186	palette
114	1	1	0	6.66186	normandy
115	1	1	0	6.66186	niagara
116	1	0	1	6.66186	morality
117	1	0	1	6.66186	moral
118	1	1	0	6.66186	moderate
119	1	1	0	6.66186	mitigating
120	1	0	1	6.66186	misery
121	1	0	1	6.66186	milieu
122	1	0	1	6.66186	methods
123	2	2	0	6.66186	masterpiece
124	1	1	0	6.66186	mask
125	1	1	0	6.66186	male
126	1	1	0	6.66186	logs
127	1	0	1	6.66186	list
128	1	1	0	6.66186	lioness
129	1	0	1	6.66186	lifting
130	1	0	1	6.66186	lethargy
131	2	0	2	6.66186	leather
132	1	1	0	6.66186	leanness
133	2	0	2	6.66186	leaf
134	1	0	1	6.66186	lava
135	1	1	0	6.66186	laterâ
136	1	1	0	6.66186	known
137	1	1	0	6.66186	knocked
138	1	1	0	6.66186	kinds
139	1	1	0	6.66186	invigoration
140	1	0	1	6.66186	intervals
141	1	0	1	6.66186	intermingle
142	1	1	0	6.66186	insist
143	1	1	0	6.66186	inner
144	1	1	0	6.66186	ingersoll
145	1	1	0	6.66186	impulse
146	1	0	1	6.66186	immortality
147	1	1	0	6.66186	imagined
148	1	0	1	6.66186	hostess
149	1	0	1	6.66186	horrid
150	1	1	0	6.66186	hole
151	1	0	1	6.66186	heroism
152	1	1	0	6.66186	heroic
153	1	1	0	6.66186	hence
154	1	1	0	6.66186	hangs
155	1	1	0	6.66186	hanging
156	1	1	0	6.66186	handsome
157	1	0	1	6.66186	hairpins
158	1	1	0	6.66186	guedalla
159	2	0	2	6.66186	greenish
160	1	0	1	6.66186	greed
161	4	3	1	6.66186	greatest
162	1	1	0	6.66186	gratifies
163	1	0	1	6.66186	gorge
164	1	0	1	6.66186	gizzard
165	1	0	1	6.66186	ginia
166	1	0	1	6.66186	gifts
167	1	1	0	6.66186	gaping
168	1	1	0	6.66186	fully
169	1	0	1	6.66186	fuller
170	1	0	1	6.66186	frightfully
171	2	1	1	6.66186	freedom
172	1	1	0	6.66186	fraud
173	1	1	0	6.66186	fowls
174	1	1	0	6.66186	fountains
175	1	0	1	6.66186	foolishest
176	1	1	0	6.66186	flogging
177	2	1	1	6.66186	fling
178	1	0	1	6.66186	flight
179	1	0	1	6.66186	flies
180	1	1	0	6.66186	flag
181	1	1	0	6.66186	flabby
182	1	0	1	6.66186	finishing
183	2	0	2	6.66186	finger
184	1	0	1	6.66186	ferociously
185	1	0	1	6.66186	fences
186	1	1	0	6.66186	feminine
187	1	0	1	6.66186	fancy
188	1	1	0	6.66186	fanatical
189	1	0	1	6.66186	faculty
190	1	1	0	6.66186	extravagance
191	1	1	0	6.66186	exploit
192	1	0	1	6.66186	expert
193	1	1	0	6.66186	experimentally
194	1	0	1	6.66186	expenses
195	1	1	0	6.66186	exert
196	1	1	0	6.66186	enthusiast
197	1	1	0	6.66186	enlarge
198	1	1	0	6.66186	encouraged
199	1	1	0	6.66186	emotion
200	1	1	0	6.66186	drinkwater
201	1	1	0	6.66186	drifting
202	1	0	1	6.66186	drew
203	1	0	1	6.66186	dressmaker
204	1	1	0	6.66186	dramatisation
205	1	1	0	6.66186	dodges
206	1	1	0	6.66186	distressed
207	1	0	1	6.66186	dismisses
208	1	1	0	6.66186	discretion
209	1	0	1	6.66186	dim
210	1	1	0	6.66186	developing
211	1	0	1	6.66186	desiring
212	1	0	1	6.66186	design
213	2	2	0	6.66186	departing
214	1	1	0	6.66186	dedicate
215	1	1	0	6.66186	dared
216	1	1	0	6.66186	culminating
217	1	0	1	6.66186	cul
218	1	1	0	6.66186	crows
219	1	1	0	6.66186	crazy
220	1	1	0	6.66186	courage
221	1	0	1	6.66186	correct
222	1	1	0	6.66186	corner
223	1	1	0	6.66186	core
224	1	1	0	6.66186	copies
225	1	0	1	6.66186	conventional
226	2	2	0	6.66186	control
227	1	0	1	6.66186	contented
228	1	0	1	6.66186	consolation
229	1	1	0	6.66186	consequent
230	1	1	0	6.66186	consecrate
231	1	1	0	6.66186	composure
232	1	0	1	6.66186	complex
233	1	1	0	6.66186	comparison
234	2	2	0	6.66186	commanding
235	1	1	0	6.66186	coil
236	1	0	1	6.66186	cistern
237	1	0	1	6.66186	cigarettes
238	1	0	1	6.66186	choice
239	1	1	0	6.66186	cheering
240	1	1	0	6.66186	catchword
241	1	1	0	6.66186	catching
242	1	1	0	6.66186	carnation
243	1	1	0	6.66186	caprice
244	1	1	0	6.66186	busy
245	1	1	0	6.66186	burnt
246	1	0	1	6.66186	buggers
247	1	0	1	6.66186	bubbling
248	1	0	1	6.66186	brummell
249	2	0	2	6.66186	brooke
250	1	1	0	6.66186	brisking
251	1	0	1	6.66186	bride
252	1	0	1	6.66186	brains
253	2	0	2	6.66186	bournemouth
254	1	0	1	6.66186	bores
255	1	1	0	6.66186	biography
256	1	1	0	6.66186	battling
257	1	1	0	6.66186	batten
258	2	2	0	6.66186	baths
259	1	1	0	6.66186	arranged
260	1	0	1	6.66186	anguished
261	1	1	0	6.66186	amused
262	1	1	0	6.66186	amalgamate
263	1	0	1	6.66186	alienation
264	1	0	1	6.66186	advise
265	1	0	1	6.66186	adulterated
266	3	1	2	6.66186	active
267	1	1	0	6.66186	accumulation
268	1	1	0	6.66186	account
269	1	1	0	6.66186	absconded
270	10	0	10	6.52436	brain
271	23	0	23	6.43053	own
272	4	3	1	6.33993	hot
273	4	2	2	6.33993	deep
274	3	3	0	6.24682	hair
275	3	1	2	6.24682	drive
276	3	1	2	6.24682	attack
277	2	1	1	6.07690	works
278	2	1	1	6.07690	windows
279	2	0	2	6.07690	wandering
280	2	0	2	6.07690	theory
281	2	0	2	6.07690	taste
282	2	0	2	6.07690	rage
283	2	2	0	6.07690	lower
284	2	2	0	6.07690	invent
285	2	0	2	6.07690	imagination
286	2	1	1	6.07690	flower
287	2	0	2	6.07690	fingers
288	2	2	0	6.07690	finds
289	2	2	0	6.07690	edge
290	2	2	0	6.07690	curse
291	2	2	0	6.07690	consider
292	2	1	1	6.07690	conceive
293	2	0	2	6.07690	certain
294	3	2	1	5.92489	sitwell
295	15	2	13	5.86831	mind
296	5	3	2	5.81386	behind
297	1	1	0	5.66186	yeats
298	1	0	1	5.66186	ugly
299	1	0	1	5.66186	typewriter
300	1	0	1	5.66186	touch
301	1	1	0	5.66186	tilton
302	2	0	2	5.66186	thoughts
303	1	1	0	5.66186	sunshine
304	1	1	0	5.66186	suggested
305	1	1	0	5.66186	splendid
306	1	1	0	5.66186	space
307	1	1	0	5.66186	sordid
308	1	0	1	5.66186	smart
309	1	1	0	5.66186	slips
310	1	1	0	5.66186	slept
311	1	1	0	5.66186	shakespeare
312	1	0	1	5.66186	shades
313	1	0	1	5.66186	shabby
314	1	0	1	5.66186	season
315	1	1	0	5.66186	scenes
316	1	0	1	5.66186	rough
317	1	0	1	5.66186	rope
318	1	0	1	5.66186	relations
319	1	1	0	5.66186	regret
320	1	1	0	5.66186	register
321	2	1	1	5.66186	ready
322	1	0	1	5.66186	reached
323	1	0	1	5.66186	quincey
324	1	1	0	5.66186	purpose
325	1	1	0	5.66186	prize
326	1	0	1	5.66186	pocket
327	1	1	0	5.66186	plan
328	1	0	1	5.66186	pitch
329	2	0	2	5.66186	pink
330	1	1	0	5.66186	paid
331	2	0	2	5.66186	opinion
332	1	1	0	5.66186	obscurely
333	1	0	1	5.66186	nerves
334	1	1	0	5.66186	needed
335	1	0	1	5.66186	neck
336	4	1	3	5.66186	method
337	1	0	1	5.66186	mended
338	1	0	1	5.66186	madness
339	1	0	1	5.66186	ll
340	1	0	1	5.66186	literary
341	1	0	1	5.66186	liked
342	1	1	0	5.66186	joined
343	2	0	2	5.66186	jealousy
344	1	0	1	5.66186	invalid
345	1	0	1	5.66186	interest
346	1	0	1	5.66186	instinct
347	1	0	1	5.66186	instantly
348	1	1	0	5.66186	ink
349	1	0	1	5.66186	individuality
350	1	0	1	5.66186	immense
351	1	1	0	5.66186	held
352	1	0	1	5.66186	heels
353	1	1	0	5.66186	heat
354	1	1	0	5.66186	harder
355	1	1	0	5.66186	grocer
356	1	0	1	5.66186	fringed
357	4	0	4	5.66186	friends
358	1	1	0	5.66186	forced
359	1	0	1	5.66186	fix
360	2	0	2	5.66186	fiction
361	3	0	3	5.66186	feelings
362	1	0	1	5.66186	eye
363	1	1	0	5.66186	excuse
364	1	1	0	5.66186	excited
365	2	2	0	5.66186	except
366	1	1	0	5.66186	event
367	1	0	1	5.66186	eternal
368	1	1	0	5.66186	enquire
369	1	0	1	5.66186	double
370	1	1	0	5.66186	discreet
371	1	0	1	5.66186	dirty
372	1	1	0	5.66186	directly
373	1	1	0	5.66186	didn
374	1	1	0	5.66186	dialogue
375	3	3	0	5.66186	describe
376	1	0	1	5.66186	definite
377	2	0	2	5.66186	de
378	1	0	1	5.66186	dante
379	2	0	2	5.66186	curiosity
380	1	1	0	5.66186	contain
381	3	0	3	5.66186	coat
382	1	1	0	5.66186	clutch
383	1	1	0	5.66186	chaos
384	1	1	0	5.66186	cast
385	1	0	1	5.66186	blood
386	1	1	0	5.66186	blank
387	1	0	1	5.66186	bits
388	1	1	0	5.66186	big
389	1	0	1	5.66186	bank
390	1	1	0	5.66186	artwright
391	1	0	1	5.66186	angelica
392	1	1	0	5.66186	altogether
393	1	0	1	5.66186	actual
394	1	1	0	5.66186	according
395	1	0	1	5.66186	abundance
396	7	2	5	5.46921	clothes
397	3	2	1	5.43947	virginia
398	3	1	2	5.43947	dress
399	3	1	2	5.43947	best
400	7	6	1	5.38175	through
401	2	0	2	5.33993	watch
402	2	2	0	5.33993	settle
403	2	1	1	5.33993	seemed
404	2	0	2	5.33993	ralph
405	2	1	1	5.33993	october
406	2	1	1	5.33993	murry
407	2	2	0	5.33993	meant
408	2	2	0	5.33993	beginning
409	3	0	3	5.24682	novel
410	4	2	2	5.20243	begin
411	3	2	1	5.07690	woolf
412	2	0	2	5.07690	vanity
413	1	1	0	5.07690	turns
414	1	0	1	5.07690	towards
415	1	0	1	5.07690	those
416	1	0	1	5.07690	theme
417	1	1	0	5.07690	telling
418	1	0	1	5.07690	table
419	1	1	0	5.07690	success
420	1	0	1	5.07690	studio
421	1	0	1	5.07690	stale
422	1	1	0	5.07690	spread
423	1	1	0	5.07690	solitude
424	1	0	1	5.07690	social
425	2	1	1	5.07690	sit
426	1	0	1	5.07690	sentences
427	2	1	1	5.07690	seeing
428	1	1	0	5.07690	river
429	1	1	0	5.07690	richmond
430	1	0	1	5.07690	returning
431	3	3	0	5.07690	put
432	1	0	1	5.07690	process
433	1	1	0	5.07690	print
434	1	0	1	5.07690	present
435	1	1	0	5.07690	poem
436	3	1	2	5.07690	pen
437	1	1	0	5.07690	paying
438	1	0	1	5.07690	oxford
439	1	0	1	5.07690	november
440	1	1	0	5.07690	name
441	1	1	0	5.07690	music
442	1	0	1	5.07690	mood
443	1	1	0	5.07690	minute
444	1	0	1	5.07690	meaning
445	1	0	1	5.07690	material
446	1	0	1	5.07690	marriage
447	2	0	2	5.07690	literature
448	1	0	1	5.07690	legs
449	1	1	0	5.07690	knowing
450	1	1	0	5.07690	keep
451	1	0	1	5.07690	j
452	1	0	1	5.07690	illusion
453	1	1	0	5.07690	hysterical
454	1	0	1	5.07690	horror
455	1	0	1	5.07690	hers
456	1	1	0	5.07690	harold
457	1	0	1	5.07690	harcourt
458	1	1	0	5.07690	fruit
459	1	0	1	5.07690	feet
460	1	1	0	5.07690	extent
461	1	0	1	5.07690	either
462	2	1	1	5.07690	edith
463	1	0	1	5.07690	dulness
464	1	0	1	5.07690	detest
465	2	1	1	5.07690	desire
466	3	0	3	5.07690	dear
467	2	1	1	5.07690	deal
468	1	1	0	5.07690	cut
469	1	1	0	5.07690	conscious
470	1	1	0	5.07690	compare
471	1	0	1	5.07690	cape
472	1	1	0	5.07690	broadcast
473	1	1	0	5.07690	brings
474	8	2	6	5.07690	books
475	12	1	11	5.07690	book
476	10	4	6	5.07690	back
477	2	0	2	5.07690	against
478	1	1	0	5.07690	across
479	4	4	0	4.96142	look
480	11	6	5	4.95137	writing
481	3	2	1	4.92489	weeks
482	6	3	3	4.92489	reading
483	3	2	1	4.92489	looking
484	3	1	2	4.92489	cant
485	9	6	3	4.87759	into
486	2	2	0	4.85450	water
487	2	0	2	4.85450	record
488	2	1	1	4.85450	passage
489	8	5	3	4.85450	nessa
490	2	1	1	4.85450	hand
491	2	1	1	4.85450	glad
492	2	1	1	4.85450	complete
493	2	0	2	4.85450	asking
494	7	2	5	4.82536	new
495	3	2	1	4.78739	ve
496	3	3	0	4.78739	remember
497	4	2	2	4.75497	part
498	4	1	3	4.75497	feeling
499	5	3	2	4.66186	work
500	2	1	1	4.66186	won
501	2	1	1	4.66186	whom
502	1	1	0	4.66186	wednesday
503	2	1	1	4.66186	times
504	1	0	1	4.66186	swift
505	1	1	0	4.66186	struck
506	1	1	0	4.66186	steady
507	1	0	1	4.66186	soul
508	1	0	1	4.66186	sibyl
509	1	1	0	4.66186	serve
510	1	1	0	4.66186	sentimental
511	1	1	0	4.66186	sands
512	1	1	0	4.66186	relief
513	1	0	1	4.66186	queer
514	2	1	1	4.66186	pleasure
515	1	1	0	4.66186	played
516	1	0	1	4.66186	perfect
517	1	1	0	4.66186	owing
518	3	1	2	4.66186	odd
519	2	2	0	4.66186	makes
520	1	1	0	4.66186	least
521	1	0	1	4.66186	joy
522	1	0	1	4.66186	interests
523	1	0	1	4.66186	headache
524	1	0	1	4.66186	head
525	1	0	1	4.66186	failure
526	1	0	1	4.66186	expression
527	1	0	1	4.66186	exact
528	1	0	1	4.66186	enjoyed
529	1	0	1	4.66186	dropped
530	1	0	1	4.66186	distinction
531	1	1	0	4.66186	charleston
532	1	1	0	4.66186	bob
533	6	4	2	4.60297	want
534	3	0	3	4.54638	roger
535	10	5	5	4.52436	here
536	4	2	2	4.49193	talk
537	4	3	1	4.49193	rodmell
538	2	1	1	4.49193	left
539	5	1	4	4.46023	way
540	3	1	2	4.43947	state
541	3	1	2	4.43947	once
542	3	0	3	4.43947	next
543	3	2	1	4.43947	found
544	3	0	3	4.43947	eyes
545	4	3	1	4.41393	down
546	5	3	2	4.39883	week
547	8	5	3	4.33993	write
548	1	1	0	4.33993	women
549	1	0	1	4.33993	wishes
550	1	0	1	4.33993	whatever
551	1	0	1	4.33993	vogue
552	1	0	1	4.33993	took
553	1	1	0	4.33993	thinks
554	1	1	0	4.33993	thats
555	1	1	0	4.33993	self
556	1	1	0	4.33993	screen
557	2	0	2	4.33993	rose
558	1	1	0	4.33993	play
559	1	0	1	4.33993	phrase
560	1	1	0	4.33993	partly
561	1	1	0	4.33993	others
562	1	0	1	4.33993	normal
563	1	1	0	4.33993	mine
564	2	1	1	4.33993	might
565	1	0	1	4.33993	memoirs
566	3	2	1	4.33993	made
567	7	3	4	4.33993	m
568	1	1	0	4.33993	lovely
569	2	2	0	4.33993	few
570	1	0	1	4.33993	faced
571	2	2	0	4.33993	easily
572	1	0	1	4.33993	difficult
573	1	0	1	4.33993	curious
574	1	1	0	4.33993	course
575	1	1	0	4.33993	carpets
576	1	1	0	4.33993	beauty
577	1	0	1	4.33993	articles
578	1	0	1	4.33993	art
579	3	1	2	4.24682	whole
580	3	1	2	4.24682	moment
581	2	1	1	4.20243	oh
582	29	15	14	4.13614	at
583	5	5	0	4.12581	could
584	9	5	4	4.10386	more
585	1	0	1	4.07690	writer
586	1	0	1	4.07690	try
587	1	0	1	4.07690	todd
588	3	2	1	4.07690	thought
589	2	2	0	4.07690	such
590	1	1	0	4.07690	straight
591	1	0	1	4.07690	society
592	1	1	0	4.07690	settled
593	2	1	1	4.07690	run
594	1	0	1	4.07690	poetry
595	1	0	1	4.07690	past
596	1	1	0	4.07690	morgan
597	2	0	2	4.07690	miss
598	1	0	1	4.07690	meet
599	2	2	0	4.07690	less
600	1	1	0	4.07690	kept
601	1	1	0	4.07690	july
602	1	1	0	4.07690	important
603	1	1	0	4.07690	hope
604	1	0	1	4.07690	gives
605	1	0	1	4.07690	full
606	1	1	0	4.07690	forget
607	1	1	0	4.07690	ethel
608	1	0	1	4.07690	each
609	1	1	0	4.07690	break
610	1	0	1	4.07690	article
611	1	0	1	4.07690	already
612	1	0	1	4.07690	afternoon
613	11	8	3	4.03383	am
614	5	2	3	4.02959	come
615	12	8	4	4.01800	by
616	7	5	2	4.00978	do
617	5	2	3	3.98379	read
618	22	14	8	3.97154	have
619	6	0	6	3.96142	life
620	2	0	2	3.96142	does
621	4	3	1	3.96142	c
622	11	8	3	3.95137	about
623	7	4	3	3.91463	and
624	7	3	4	3.88425	last
625	1	1	0	3.85450	worth
626	1	0	1	3.85450	whether
627	4	1	3	3.85450	were
628	3	2	1	3.85450	two
629	1	0	1	3.85450	story
630	1	0	1	3.85450	stories
631	1	1	0	3.85450	re
632	1	0	1	3.85450	rate
633	1	1	0	3.85450	page
634	5	2	3	3.85450	old
635	1	0	1	3.85450	nervous
636	4	1	3	3.85450	make
637	3	2	1	3.85450	love
638	1	0	1	3.85450	kind
639	3	3	0	3.85450	having
640	1	1	0	3.85450	country
641	1	1	0	3.85450	clear
642	1	0	1	3.85450	air
643	5	3	2	3.81386	after
644	13	6	7	3.80771	now
645	16	6	10	3.80388	then
646	5	4	1	3.77433	should
647	15	3	12	3.76140	as
648	2	2	0	3.75497	without
649	2	1	1	3.75497	just
650	2	2	0	3.75497	even
651	4	0	4	3.75497	being
652	38	14	24	3.74488	it
653	104	52	52	3.67755	i
654	47	14	33	3.67342	is
655	1	0	1	3.66186	yes
656	1	1	0	3.66186	upon
657	1	1	0	3.66186	open
658	1	0	1	3.66186	mother
659	1	1	0	3.66186	indeed
660	1	0	1	3.66186	god
661	1	0	1	3.66186	e
662	1	0	1	3.66186	dog
663	1	0	1	3.66186	black
664	1	1	0	3.66186	bed
665	2	0	2	3.66186	always
666	7	1	6	3.63632	how
667	4	2	2	3.61747	than
668	7	3	4	3.61123	will
669	13	5	8	3.59411	s
670	24	12	12	3.58149	with
671	2	0	2	3.57440	usual
672	4	2	2	3.57440	time
673	6	5	1	3.57440	little
674	4	3	1	3.57440	get
675	73	44	29	3.55477	to
676	20	9	11	3.54084	but
677	8	4	4	3.53258	up
678	1	0	1	3.49193	walked
679	1	0	1	3.49193	thursday
680	2	2	0	3.49193	take
681	1	1	0	3.49193	suddenly
682	1	0	1	3.49193	second
683	1	1	0	3.49193	red
684	1	1	0	3.49193	mean
685	2	1	1	3.49193	leonard
686	1	1	0	3.49193	knows
687	2	1	1	3.49193	home
688	1	0	1	3.49193	chair
689	4	0	4	3.45241	over
690	4	3	1	3.45241	never
691	9	6	3	3.43947	out
692	3	1	2	3.43947	only
693	4	2	2	3.37646	when
694	2	1	1	3.33993	years
695	2	2	0	3.33993	written
696	1	1	0	3.33993	white
697	1	1	0	3.33993	tonight
698	1	1	0	3.33993	tomorrow
699	1	1	0	3.33993	sitting
700	1	1	0	3.33993	saying
701	1	0	1	3.33993	press
702	1	0	1	3.33993	often
703	1	1	0	3.33993	however
704	1	0	1	3.33993	father
705	1	0	1	3.33993	cold
706	1	1	0	3.33993	children
707	1	0	1	3.33993	before
708	1	0	1	3.33993	angus
709	52	41	11	3.33716	of
710	5	3	2	3.31136	if
711	19	10	9	3.30246	that
712	7	4	3	3.29929	what
713	3	2	1	3.29263	says
714	15	7	8	3.27413	for
715	6	3	3	3.26954	from
716	2	1	1	3.26954	d
717	5	4	1	3.25587	t
718	3	0	3	3.24682	night
719	16	9	7	3.21892	on
720	1	1	0	3.20243	saturday
721	1	1	0	3.20243	same
722	1	0	1	3.20243	right
723	1	0	1	3.20243	power
724	3	3	0	3.20243	must
725	2	0	2	3.20243	first
726	1	0	1	3.20243	desmond
727	1	0	1	3.20243	death
728	31	21	10	3.18979	in
729	18	8	10	3.18073	this
730	6	2	4	3.15936	had
731	2	1	1	3.13830	thing
732	7	3	4	3.12936	which
733	3	3	0	3.11754	much
734	3	3	0	3.11754	again
735	1	1	0	3.07690	square
736	1	0	1	3.07690	r
737	1	1	0	3.07690	poor
738	1	1	0	3.07690	myself
739	1	0	1	3.07690	letter
740	1	0	1	3.07690	find
741	1	1	0	3.07690	between
742	1	1	0	3.07690	also
743	2	2	0	3.01800	good
744	3	2	1	2.99889	too
745	3	2	1	2.99889	them
746	11	3	8	2.98174	so
747	39	22	17	2.98148	a
748	3	2	1	2.96142	these
749	3	2	1	2.96142	some
750	1	0	1	2.96142	since
751	1	1	0	2.96142	set
752	2	0	2	2.96142	perhaps
753	1	1	0	2.96142	party
754	1	1	0	2.96142	comes
755	10	7	3	2.96142	all
756	7	4	3	2.94565	think
757	2	1	1	2.90697	did
758	11	8	3	2.88289	me
759	9	3	6	2.86600	her
760	1	1	0	2.85450	word
761	1	0	1	2.85450	summer
762	1	0	1	2.85450	sat
763	1	1	0	2.85450	got
764	1	1	0	2.85450	asked
765	3	2	1	2.78739	been
766	5	3	2	2.77433	are
767	2	1	1	2.75497	you
768	1	0	1	2.75497	year
769	1	1	0	2.75497	maynard
770	1	0	1	2.75497	mary
771	64	34	30	2.70621	the
772	14	7	7	2.69443	my
773	1	1	0	2.66186	round
774	1	1	0	2.66186	know
775	1	1	0	2.66186	house
776	1	1	0	2.66186	dinner
777	7	5	2	2.64904	not
778	2	2	0	2.61747	lighthouse
779	2	1	1	2.57440	vita
780	1	0	1	2.57440	suppose
781	1	1	0	2.57440	sense
782	2	1	1	2.57440	mrs
783	4	2	2	2.53258	no
784	2	1	1	2.53258	clive
785	7	3	4	2.50343	be
786	1	0	1	2.49193	why
787	5	3	2	2.47599	like
788	4	3	1	2.47203	an
789	1	1	0	2.41393	went
790	1	0	1	2.41393	strike
791	2	1	1	2.41393	see
792	1	1	0	2.41393	day
793	2	0	2	2.41393	came
794	5	2	3	2.39883	one
795	3	1	2	2.38884	there
796	1	1	0	2.33993	today
797	1	1	0	2.33993	most
798	1	1	0	2.33993	dont
799	2	1	1	2.30431	they
800	2	1	1	2.26954	off
801	1	1	0	2.20243	woman
802	1	0	1	2.20243	feel
803	7	3	4	2.19309	she
804	1	0	1	2.13830	well
805	1	1	0	2.13830	morning
806	5	3	2	2.11342	was
807	2	1	1	2.10727	rather
808	1	0	1	2.07690	other
809	1	0	1	2.07690	its
810	2	1	1	2.04715	shall
811	1	0	1	1.85450	would
812	2	1	1	1.77922	l
813	3	1	2	1.66186	has
814	1	1	0	1.66186	great
815	2	2	0	1.63949	or
816	1	1	0	1.61747	us
817	1	0	1	1.61747	people
818	2	1	1	1.59577	his
819	1	0	1	1.53258	who
820	1	1	0	1.49193	can
821	1	1	0	1.33993	go
822	3	1	2	1.31608	he
823	1	0	1	1.26954	may
824	1	1	0	0.82897	him
825	1	1	0	0.77922	said
826	1	1	0	0.68458	very
827	2	0	2	0.57440	we
