#Total No. of Collocate Types: 218
#Total No. of Collocate Tokens: 337
1	1	0	1	9.34918	wi
2	1	0	1	9.34918	weekend
3	1	1	0	9.34918	wagging
4	1	1	0	9.34918	undecided
5	1	0	1	9.34918	turkish
6	1	1	0	9.34918	tinctured
7	1	0	1	9.34918	strenuous
8	1	1	0	9.34918	stimulus
9	1	0	1	9.34918	stalking
10	1	1	0	9.34918	squares
11	1	1	0	9.34918	solace
12	1	1	0	9.34918	shams
13	1	0	1	9.34918	sets
14	1	0	1	9.34918	sanger
15	1	1	0	9.34918	sake
16	1	0	1	9.34918	royal
17	1	0	1	9.34918	prose
18	1	0	1	9.34918	popping
19	1	0	1	9.34918	pathos
20	1	1	0	9.34918	mumbled
21	1	1	0	9.34918	measles
22	1	1	0	9.34918	livings
23	1	1	0	9.34918	lava
24	1	1	0	9.34918	jokes
25	1	0	1	9.34918	italic
26	1	1	0	9.34918	introducing
27	1	0	1	9.34918	innocentâ
28	1	0	1	9.34918	inkpot
29	1	1	0	9.34918	influenza
30	1	0	1	9.34918	hollow
31	1	0	1	9.34918	hilda
32	1	1	0	9.34918	gods
33	1	1	0	9.34918	german
34	1	0	1	9.34918	friendsâ
35	1	0	1	9.34918	fluent
36	1	0	1	9.34918	flowered
37	1	0	1	9.34918	exertion
38	1	1	0	9.34918	eager
39	1	0	1	9.34918	disinclination
40	1	1	0	9.34918	curtains
41	1	1	0	9.34918	crime
42	1	0	1	9.34918	charlie
43	1	1	0	9.34918	brains
44	1	1	0	9.34918	autumn
45	1	1	0	9.34918	allella
46	1	1	0	9.34918	alarms
47	1	0	1	9.34918	agoā
48	1	0	1	9.34918	acres
49	2	0	2	8.76422	dottie
50	1	1	0	8.34918	yellow
51	1	0	1	8.34918	turn
52	1	1	0	8.34918	suburbs
53	1	0	1	8.34918	staying
54	1	0	1	8.34918	span
55	1	1	0	8.34918	remain
56	1	0	1	8.34918	register
57	1	1	0	8.34918	pearls
58	1	0	1	8.34918	monks
59	1	1	0	8.34918	marked
60	1	1	0	8.34918	intimately
61	1	0	1	8.34918	innocent
62	1	1	0	8.34918	chess
63	5	3	2	8.08615	away
64	1	1	0	7.76422	turns
65	1	1	0	7.76422	tail
66	1	1	0	7.76422	slightly
67	1	0	1	7.76422	shock
68	1	1	0	7.76422	rage
69	1	1	0	7.76422	practically
70	1	1	0	7.76422	pointed
71	1	1	0	7.76422	painful
72	1	1	0	7.76422	likes
73	1	1	0	7.76422	knew
74	1	0	1	7.76422	intimate
75	1	0	1	7.76422	harold
76	1	0	1	7.76422	goes
77	1	1	0	7.76422	either
78	1	0	1	7.76422	dumb
79	1	1	0	7.76422	discussed
80	1	0	1	7.76422	class
81	1	1	0	7.76422	avoid
82	3	0	3	7.61222	tomorrow
83	1	1	0	7.34918	respectability
84	1	0	1	7.34918	lights
85	1	0	1	7.34918	knole
86	2	1	1	7.34918	friends
87	1	1	0	7.34918	curiosity
88	1	0	1	7.34918	appeared
89	1	1	0	7.34918	answer
90	1	0	1	7.02726	took
91	1	0	1	7.02726	play
92	1	0	1	7.02726	minutes
93	1	1	0	7.02726	hot
94	1	1	0	7.02726	gosse
95	1	1	0	7.02726	easy
96	1	0	1	6.76422	writer
97	1	1	0	6.76422	scarcely
98	1	1	0	6.76422	ottoline
99	1	0	1	6.76422	lord
100	1	1	0	6.76422	literature
101	2	1	1	6.76422	letter
102	1	1	0	6.76422	january
103	1	1	0	6.76422	duncan
104	1	1	0	6.76422	describe
105	1	1	0	6.76422	article
106	1	1	0	6.54183	whether
107	1	1	0	6.54183	stay
108	1	0	1	6.54183	dress
109	1	0	1	6.34918	lunch
110	1	0	1	6.34918	common
111	1	1	0	6.17926	tuesday
112	1	0	1	6.17926	mean
113	1	0	1	6.17926	gone
114	1	1	0	6.17926	dear
115	1	0	1	6.02726	sitting
116	1	1	0	6.02726	cant
117	1	0	1	5.88975	told
118	1	0	1	5.88975	saturday
119	1	1	0	5.88975	right
120	1	1	0	5.88975	london
121	1	0	1	5.76422	yesterday
122	1	0	1	5.76422	saw
123	1	0	1	5.76422	light
124	1	1	0	5.76422	find
125	1	0	1	5.76422	between
126	3	1	2	5.68622	too
127	5	2	3	5.64874	or
128	1	0	1	5.64874	comes
129	1	1	0	5.54183	summer
130	1	0	1	5.54183	something
131	1	1	0	5.54183	next
132	1	0	1	5.54183	got
133	1	1	0	5.54183	asked
134	1	1	0	5.54183	almost
135	8	5	3	5.49120	then
136	4	2	2	5.46654	said
137	1	0	1	5.44229	just
138	2	0	2	5.39499	come
139	1	1	0	5.34918	room
140	1	0	1	5.34918	moment
141	1	0	1	5.34918	house
142	2	1	1	5.34918	great
143	1	1	0	5.26172	many
144	9	2	7	5.24298	she
145	1	0	1	5.17926	rodmell
146	6	0	6	5.16596	s
147	2	1	1	5.13973	over
148	2	1	1	5.13973	never
149	1	1	0	5.10126	went
150	1	0	1	5.10126	though
151	1	0	1	5.02726	dont
152	1	1	0	4.95687	two
153	1	0	1	4.95687	having
154	1	1	0	4.88975	woman
155	1	1	0	4.88975	things
156	1	1	0	4.88975	days
157	5	2	3	4.80075	was
158	1	0	1	4.76422	any
159	1	0	1	4.54183	were
160	1	1	0	4.54183	only
161	2	0	2	4.49120	will
162	2	1	1	4.49120	there
163	1	1	0	4.44229	you
164	1	0	1	4.44229	back
165	1	0	1	4.39499	says
166	3	2	1	4.34918	one
167	1	1	0	4.34918	night
168	1	0	1	4.30479	us
169	1	0	1	4.26172	time
170	1	1	0	4.26172	get
171	5	1	4	4.22817	on
172	1	0	1	4.21990	who
173	2	1	1	4.21990	up
174	1	1	0	4.21990	much
175	1	1	0	4.21990	clive
176	1	1	0	4.21990	again
177	4	4	0	4.20963	so
178	1	0	1	4.17926	book
179	1	0	1	4.17926	after
180	2	2	0	4.17926	about
181	1	0	1	4.13973	should
182	1	0	1	4.10126	them
183	1	1	0	4.10126	see
184	1	0	1	4.10126	came
185	1	0	1	4.06378	some
186	1	0	1	4.02726	go
187	2	1	1	4.00933	which
188	3	1	2	3.96836	her
189	1	0	1	3.88975	here
190	1	1	0	3.79459	and
191	6	3	3	3.76924	it
192	3	2	1	3.69574	me
193	4	4	0	3.68385	with
194	3	2	1	3.63953	for
195	1	1	0	3.51629	how
196	1	1	0	3.51629	him
197	6	2	4	3.39111	is
198	1	1	0	3.37190	from
199	3	2	1	3.32682	that
200	3	1	2	3.28309	this
201	1	1	0	3.28309	his
202	2	0	2	3.26172	we
203	12	6	6	3.24940	i
204	2	1	1	3.19944	have
205	2	1	1	2.96548	at
206	1	1	0	2.95687	out
207	7	4	3	2.85962	to
208	1	1	0	2.79459	now
209	1	0	1	2.76422	has
210	2	1	1	2.57440	my
211	1	1	0	2.54183	as
212	3	2	1	2.50788	in
213	8	2	6	2.39353	the
214	1	0	1	2.38340	be
215	4	3	1	2.38340	a
216	1	1	0	2.32682	all
217	4	4	0	2.32404	of
218	1	0	1	1.90624	but
